#20/03/2020
1   3
#21/03/2020
2   4
#22/03/2020
3   4
#23/03/2020
4   6
#24/03/2020
5   6
#25/03/2020
6   8
#26/03/2020
7   9
#27/03/2020
8   9
#28/03/2020
9   11
#29/03/2020
10  14
#30/03/2020
11  16
#31/03/2020
12  18
#01/04/2020
13  18
#02/04/2020
14  19
#03/04/2020
15  21
#04/04/2020
16  22
#05/04/2020
17  23
#06/04/2020
18  23
#07/04/2020
19  28
#08/04/2020
20  31
#09/04/2020
21  38
22  41
23  45
24  51
25  58
26  75
27  91
28  102
29  123
30  144
31  158
32  186
33  206
34  217
35  263
36  297
37  331
38  364
39  408
40  454
41  513
42  600
43  665
44  742
